50
0 3325403371.26 1244580387.39 3178056767.87
1 3215749764.17 3377213755.73 3200747731.29
2 1108889681.48 1159990681.27 1104349759.96
3 996136243.405 3293395296.68 1143296590.81
4 1160135194.14 1117267620.58 3247917223.56
5 1109110312.09 1170354661.96 1101899520.71
6 1095444603.84 1165651003.74 1107869512.36
7 3245004203.86 1278341817.66 987735711.919
8 1163092037.28 1124279859.1 3253117640.63
9 3192424934.68 3365169783.29 3210534179.1
10 1070294869.74 3248326612.56 3286941049.07
11 3325490632.73 1237827100.69 3164293966.39
12 3240080488.34 1263388692.09 1028178778.81
13 1066105955.2 3256405173.69 3278702191.58
14 1095245250.05 1155958350.94 1106198812.59
15 3127513103.99 3417431869.65 1066167640.25
16 1131139375.87 1121074752.63 3250832794.04
17 3205379524.9 3377286464.53 3216458301.38
18 3326150644.92 1236258982.59 3179328308.46
19 3099778157.89 3424743591.69 1057557221.48
20 981581826.58 3311618930.97 1149238717.41
21 1172841488.47 1109575874.17 3238813010.76
22 3325417242.17 1243016587.26 3174093831.01
23 3316364623.66 1242950614.81 3166538539.68
24 1066653551.2 3246556161.31 3287168494.61
25 985490912.655 3313971896.57 1136550759.75
26 1064849730.82 3274201514.56 3271448734.27
27 3131472322.5 3423260872.25 1033338137.78
28 1063993326.84 1155692212.56 1082756534.46
29 1101494178.3 1165852423.11 1096840060.71
30 1181320649.57 1128998214.52 3251973072.27
31 982293950.665 3311641793.82 1143180338.65
32 3207481006.63 3385618282.49 3198559790.76
33 3250837557.25 1270440197.36 1025302723.5
34 3130835924.19 3415412576.53 1064179934.03
35 1104980955.88 1169065814.34 1096249683.67
36 3238559722.91 1276204156.29 1026619181.74
37 3204826117.55 1277188983.63 1013254477.04
38 1154292537.49 1117260643.01 3246022412.96
39 3211285367.29 3384388241.15 3221622870.27
40 1109055588.27 1148472359.21 1075809788.01
41 3242985652.14 1273226919.1 1009229118.21
42 3202838547.26 3385917198.53 3197677776.33
43 3250161644.71 1272546781.71 1029954116.58
44 994247356.947 3287135585.99 1122396970.88
45 992809515.752 3307783448.89 1133563692.36
46 3252077911.15 1271559424.98 997864017.669
47 1088686039.86 1115628233.29 1089852138.78
48 1181004009.12 1127280989.5 3238049938.54
49 957457603.721 3286260831.22 1149507483.01
